Theme:
  Style:
    Alpha: 1
    DisabledAlpha: 0.600000024
    WindowPadding: [8, 8]
    WindowRounding: 0
    WindowBorderSize: 1
    WindowMinSize: [32, 32]
    WindowTitleAlign: [0, 0.5]
    WindowMenuButtonPosition: Left
    ChildRounding: 0
    ChildBorderSize: 1
    PopupRounding: 0
    PopupBorderSize: 1
    FramePadding: [4, 3]
    FrameRounding: 0
    FrameBorderSize: 0
    ItemSpacing: [8, 4]
    ItemInnerSpacing: [4, 4]
    CellPadding: [4, 2]
    IndentSpacing: 21
    ColumnsMinSpacing: 6
    ScrollbarSize: 14
    ScrollbarRounding: 9
    GrabMinSize: 10
    GrabRounding: 0
    TabRounding: 4
    TabBorderSize: 0
    TabMinWidthForCloseButton: 0
    ColorButtonPosition: Right
    ButtonTextAlign: [0.5, 0.5]
    SelectableTextAlign: [0, 0]
  Colors:
    Text: [1, 1, 1, 1]
    TextDisabled: [0.498039216, 0.498039216, 0.498039216, 1]
    WindowBg: [0.100000001, 0.104999997, 0.109999999, 1]
    ChildBg: [0, 0, 0, 0]
    PopupBg: [0.0784313753, 0.0784313753, 0.0784313753, 0.939999998]
    Border: [0.427450985, 0.427450985, 0.498039216, 0.5]
    BorderShadow: [0, 0, 0, 0]
    FrameBg: [0.200000003, 0.204999998, 0.209999993, 1]
    FrameBgHovered: [0.300000012, 0.305000007, 0.310000002, 1]
    FrameBgActive: [0.150000006, 0.1505, 0.150999993, 1]
    TitleBg: [0.150000006, 0.1505, 0.150999993, 1]
    TitleBgActive: [0.150000006, 0.1505, 0.150999993, 1]
    TitleBgCollapsed: [0.150000006, 0.1505, 0.150999993, 1]
    MenuBarBg: [0.137254909, 0.137254909, 0.137254909, 1]
    ScrollbarBg: [0.0196078438, 0.0196078438, 0.0196078438, 0.529999971]
    ScrollbarGrab: [0.309803933, 0.309803933, 0.309803933, 1]
    ScrollbarGrabHovered: [0.407843143, 0.407843143, 0.407843143, 1]
    ScrollbarGrabActive: [0.509803951, 0.509803951, 0.509803951, 1]
    CheckMark: [0.258823544, 0.588235319, 0.97647059, 1]
    SliderGrab: [0.239215687, 0.517647088, 0.87843138, 1]
    SliderGrabActive: [0.258823544, 0.588235319, 0.97647059, 1]
    Button: [0.200000003, 0.204999998, 0.209999993, 1]
    ButtonHovered: [0.300000012, 0.305000007, 0.310000002, 1]
    ButtonActive: [0.150000006, 0.1505, 0.150999993, 1]
    Header: [0.200000003, 0.204999998, 0.209999993, 1]
    HeaderHovered: [0.300000012, 0.305000007, 0.310000002, 1]
    HeaderActive: [0.150000006, 0.1505, 0.150999993, 1]
    Separator: [0.427450985, 0.427450985, 0.498039216, 0.5]
    SeparatorHovered: [0.0980392173, 0.400000006, 0.749019623, 0.779999971]
    SeparatorActive: [0.0980392173, 0.400000006, 0.749019623, 1]
    ResizeGrip: [0.258823544, 0.588235319, 0.97647059, 0.200000003]
    ResizeGripHovered: [0.258823544, 0.588235319, 0.97647059, 0.670000017]
    ResizeGripActive: [0.258823544, 0.588235319, 0.97647059, 0.949999988]
    Tab: [0.150000006, 0.1505, 0.150999993, 1]
    TabHovered: [0.379999995, 0.380499989, 0.381000012, 1]
    TabActive: [0.280000001, 0.280499995, 0.280999988, 1]
    TabUnfocused: [0.150000006, 0.1505, 0.150999993, 1]
    TabUnfocusedActive: [0.200000003, 0.204999998, 0.209999993, 1]
    PlotLines: [0.607843161, 0.607843161, 0.607843161, 1]
    PlotLinesHovered: [1, 0.427450985, 0.349019617, 1]
    PlotHistogram: [0.898039222, 0.698039234, 0, 1]
    PlotHistogramHovered: [1, 0.600000024, 0, 1]
    TableHeaderBg: [0.188235298, 0.188235298, 0.200000003, 1]
    TableBorderStrong: [0.309803933, 0.309803933, 0.349019617, 1]
    TableBorderLight: [0.227450982, 0.227450982, 0.247058824, 1]
    TableRowBg: [0, 0, 0, 0]
    TableRowBgAlt: [1, 1, 1, 0.0599999987]
    TextSelectedBg: [0.258823544, 0.588235319, 0.97647059, 0.349999994]
    DragDropTarget: [1, 1, 0, 0.899999976]
    NavHighlight: [0.258823544, 0.588235319, 0.97647059, 1]
    NavWindowingHighlight: [1, 1, 1, 0.699999988]
    NavWindowingDimBg: [0.800000012, 0.800000012, 0.800000012, 0.200000003]
    ModalWindowDimBg: [0.800000012, 0.800000012, 0.800000012, 0.349999994]