Theme:
  Style:
    Alpha: 1
    DisabledAlpha: 0.6
    WindowPadding: [8, 8]
    WindowRounding: 0
    WindowBorderSize: 1
    WindowMinSize: [32, 32]
    WindowTitleAlign: [0, 0.5]
    WindowMenuButtonPosition: None
    ChildRounding: 0
    ChildBorderSize: 1
    PopupRounding: 0
    PopupBorderSize: 1
    FramePadding: [4, 4]
    FrameRounding: 0
    FrameBorderSize: 1
    ItemSpacing: [4, 4]
    ItemInnerSpacing: [4, 4]
    CellPadding: [4, 4]
    IndentSpacing: 21
    ColumnsMinSpacing: 6
    ScrollbarSize: 14
    ScrollbarRounding: 0
    GrabMinSize: 10
    GrabRounding: 0
    TabRounding: 0
    TabBorderSize: 1
    TabMinWidthForCloseButton: 0
    ColorButtonPosition: Right
    ButtonTextAlign: [0.5, 0.5]
    SelectableTextAlign: [0, 0]
  Colors:
    Text: [1, 1, 1, 1]
    TextDisabled: [0.498039216, 0.498039216, 0.498039216, 1]
    WindowBg: [0.286274523, 0.337254912, 0.258823544, 1]
    ChildBg: [0.286274523, 0.337254912, 0.258823544, 1]
    PopupBg: [0.239215687, 0.266666681, 0.200000003, 1]
    Border: [0.53725493, 0.568627477, 0.509803951, 0.5]
    BorderShadow: [0.137254909, 0.156862751, 0.109803922, 0.519999981]
    FrameBg: [0.239215687, 0.266666681, 0.200000003, 1]
    FrameBgHovered: [0.266666681, 0.298039228, 0.227450982, 1]
    FrameBgActive: [0.298039228, 0.337254912, 0.258823544, 1]
    TitleBg: [0.239215687, 0.266666681, 0.200000003, 1]
    TitleBgActive: [0.286274523, 0.337254912, 0.258823544, 1]
    TitleBgCollapsed: [0, 0, 0, 0.50999999]
    MenuBarBg: [0.239215687, 0.266666681, 0.200000003, 1]
    ScrollbarBg: [0.349019617, 0.419607848, 0.309803933, 1]
    ScrollbarGrab: [0.278431386, 0.31764707, 0.239215687, 1]
    ScrollbarGrabHovered: [0.247058824, 0.298039228, 0.219607845, 1]
    ScrollbarGrabActive: [0.227450982, 0.266666681, 0.20784314, 1]
    CheckMark: [0.588235319, 0.53725493, 0.176470593, 1]
    SliderGrab: [0.349019617, 0.419607848, 0.309803933, 1]
    SliderGrabActive: [0.53725493, 0.568627477, 0.509803951, 0.5]
    Button: [0.286274523, 0.337254912, 0.258823544, 0.400000006]
    ButtonHovered: [0.349019617, 0.419607848, 0.309803933, 1]
    ButtonActive: [0.53725493, 0.568627477, 0.509803951, 0.5]
    Header: [0.349019617, 0.419607848, 0.309803933, 1]
    HeaderHovered: [0.349019617, 0.419607848, 0.309803933, 0.600000024]
    HeaderActive: [0.53725493, 0.568627477, 0.509803951, 0.5]
    Separator: [0.137254909, 0.156862751, 0.109803922, 1]
    SeparatorHovered: [0.53725493, 0.568627477, 0.509803951, 1]
    SeparatorActive: [0.588235319, 0.53725493, 0.176470593, 1]
    ResizeGrip: [0.188235298, 0.227450982, 0.176470593, 0]
    ResizeGripHovered: [0.53725493, 0.568627477, 0.509803951, 1]
    ResizeGripActive: [0.588235319, 0.53725493, 0.176470593, 1]
    Tab: [0.349019617, 0.419607848, 0.309803933, 1]
    TabHovered: [0.53725493, 0.568627477, 0.509803951, 0.779999971]
    TabActive: [0.588235319, 0.53725493, 0.176470593, 1]
    TabUnfocused: [0.239215687, 0.266666681, 0.200000003, 1]
    TabUnfocusedActive: [0.349019617, 0.419607848, 0.309803933, 1]
    PlotLines: [0.607843161, 0.607843161, 0.607843161, 1]
    PlotLinesHovered: [0.588235319, 0.53725493, 0.176470593, 1]
    PlotHistogram: [1, 0.776470602, 0.278431386, 1]
    PlotHistogramHovered: [1, 0.600000024, 0, 1]
    TableHeaderBg: [0.188235298, 0.188235298, 0.200000003, 1]
    TableBorderStrong: [0.309803933, 0.309803933, 0.349019617, 1]
    TableBorderLight: [0.227450982, 0.227450982, 0.247058824, 1]
    TableRowBg: [0, 0, 0, 0]
    TableRowBgAlt: [1, 1, 1, 0.0599999987]
    TextSelectedBg: [0.588235319, 0.53725493, 0.176470593, 1]
    DragDropTarget: [0.729411781, 0.666666687, 0.239215687, 1]
    NavHighlight: [0.588235319, 0.53725493, 0.176470593, 1]
    NavWindowingHighlight: [1, 1, 1, 0.699999988]
    NavWindowingDimBg: [0.800000012, 0.800000012, 0.800000012, 0.200000003]
    ModalWindowDimBg: [0.800000012, 0.800000012, 0.800000012, 0.349999994]