Theme:
  Style:
    Alpha: 1
    DisabledAlpha: 0.600000024
    WindowPadding: [8, 8]
    WindowRounding: 0
    WindowBorderSize: 1
    WindowMinSize: [32, 32]
    WindowTitleAlign: [0, 0.5]
    WindowMenuButtonPosition: Left
    ChildRounding: 0
    ChildBorderSize: 1
    PopupRounding: 0
    PopupBorderSize: 1
    FramePadding: [4, 3]
    FrameRounding: 0
    FrameBorderSize: 0
    ItemSpacing: [8, 4]
    ItemInnerSpacing: [4, 4]
    CellPadding: [4, 2]
    IndentSpacing: 21
    ColumnsMinSpacing: 6
    ScrollbarSize: 14
    ScrollbarRounding: 9
    GrabMinSize: 10
    GrabRounding: 0
    TabRounding: 4
    TabBorderSize: 0
    TabMinWidthForCloseButton: 0
    ColorButtonPosition: Right
    ButtonTextAlign: [0.5, 0.5]
    SelectableTextAlign: [0, 0]
  Colors:
    Text: [0.898039222, 0.898039222, 0.898039222, 1]
    TextDisabled: [0.600000024, 0.600000024, 0.600000024, 1]
    WindowBg: [0, 0, 0, 0.850000024]
    ChildBg: [0, 0, 0, 0]
    PopupBg: [0.109803922, 0.109803922, 0.137254909, 0.920000017]
    Border: [0.498039216, 0.498039216, 0.498039216, 0.5]
    BorderShadow: [0, 0, 0, 0]
    FrameBg: [0.427450985, 0.427450985, 0.427450985, 0.389999986]
    FrameBgHovered: [0.466666669, 0.466666669, 0.686274529, 0.400000006]
    FrameBgActive: [0.419607848, 0.407843143, 0.639215708, 0.689999998]
    TitleBg: [0.266666681, 0.266666681, 0.53725493, 0.829999983]
    TitleBgActive: [0.31764707, 0.31764707, 0.627451003, 0.870000005]
    TitleBgCollapsed: [0.400000006, 0.400000006, 0.800000012, 0.200000003]
    MenuBarBg: [0.400000006, 0.400000006, 0.549019635, 0.800000012]
    ScrollbarBg: [0.200000003, 0.247058824, 0.298039228, 0.600000024]
    ScrollbarGrab: [0.400000006, 0.400000006, 0.800000012, 0.300000012]
    ScrollbarGrabHovered: [0.400000006, 0.400000006, 0.800000012, 0.400000006]
    ScrollbarGrabActive: [0.407843143, 0.388235301, 0.800000012, 0.600000024]
    CheckMark: [0.898039222, 0.898039222, 0.898039222, 0.5]
    SliderGrab: [1, 1, 1, 0.300000012]
    SliderGrabActive: [0.407843143, 0.388235301, 0.800000012, 0.600000024]
    Button: [0.349019617, 0.400000006, 0.607843161, 0.620000005]
    ButtonHovered: [0.400000006, 0.478431374, 0.709803939, 0.790000021]
    ButtonActive: [0.458823532, 0.53725493, 0.800000012, 1]
    Header: [0.400000006, 0.400000006, 0.898039222, 0.449999988]
    HeaderHovered: [0.447058827, 0.447058827, 0.898039222, 0.800000012]
    HeaderActive: [0.529411793, 0.529411793, 0.866666675, 0.800000012]
    Separator: [0.498039216, 0.498039216, 0.498039216, 0.600000024]
    SeparatorHovered: [0.600000024, 0.600000024, 0.698039234, 1]
    SeparatorActive: [0.698039234, 0.698039234, 0.898039222, 1]
    ResizeGrip: [1, 1, 1, 0.100000001]
    ResizeGripHovered: [0.776470602, 0.819607854, 1, 0.600000024]
    ResizeGripActive: [0.776470602, 0.819607854, 1, 0.899999976]
    Tab: [0.333333343, 0.333333343, 0.68235296, 0.786000013]
    TabHovered: [0.447058827, 0.447058827, 0.898039222, 0.800000012]
    TabActive: [0.403921574, 0.403921574, 0.725490212, 0.842000008]
    TabUnfocused: [0.282352954, 0.282352954, 0.568627477, 0.821200013]
    TabUnfocusedActive: [0.349019617, 0.349019617, 0.650980413, 0.837199986]
    PlotLines: [1, 1, 1, 1]
    PlotLinesHovered: [0.898039222, 0.698039234, 0, 1]
    PlotHistogram: [0.898039222, 0.698039234, 0, 1]
    PlotHistogramHovered: [1, 0.600000024, 0, 1]
    TableHeaderBg: [0.266666681, 0.266666681, 0.376470596, 1]
    TableBorderStrong: [0.309803933, 0.309803933, 0.447058827, 1]
    TableBorderLight: [0.258823544, 0.258823544, 0.278431386, 1]
    TableRowBg: [0, 0, 0, 0]
    TableRowBgAlt: [1, 1, 1, 0.0700000003]
    TextSelectedBg: [0, 0, 1, 0.349999994]
    DragDropTarget: [1, 1, 0, 0.899999976]
    NavHighlight: [0.447058827, 0.447058827, 0.898039222, 0.800000012]
    NavWindowingHighlight: [1, 1, 1, 0.699999988]
    NavWindowingDimBg: [0.800000012, 0.800000012, 0.800000012, 0.200000003]
    ModalWindowDimBg: [0.200000003, 0.200000003, 0.200000003, 0.349999994]