Theme:
  Style:
    Alpha: 1
    DisabledAlpha: 0.600000024
    WindowPadding: [8, 8]
    WindowRounding: 0
    WindowBorderSize: 1
    WindowMinSize: [32, 32]
    WindowTitleAlign: [0, 0.5]
    WindowMenuButtonPosition: Left
    ChildRounding: 0
    ChildBorderSize: 1
    PopupRounding: 0
    PopupBorderSize: 1
    FramePadding: [4, 3]
    FrameRounding: 4
    FrameBorderSize: 0
    ItemSpacing: [8, 4]
    ItemInnerSpacing: [4, 4]
    CellPadding: [4, 2]
    IndentSpacing: 21
    ColumnsMinSpacing: 6
    ScrollbarSize: 14
    ScrollbarRounding: 9
    GrabMinSize: 10
    GrabRounding: 4
    TabRounding: 4
    TabBorderSize: 0
    TabMinWidthForCloseButton: 0
    ColorButtonPosition: Right
    ButtonTextAlign: [0.5, 0.5]
    SelectableTextAlign: [0, 0]
  Colors:
    Text: [0.949019611, 0.956862748, 0.97647059, 1]
    TextDisabled: [0.356862754, 0.419607848, 0.466666669, 1]
    WindowBg: [0.109803922, 0.149019614, 0.168627456, 1]
    ChildBg: [0.149019614, 0.176470593, 0.219607845, 1]
    PopupBg: [0.0784313753, 0.0784313753, 0.0784313753, 0.939999998]
    Border: [0.0784313753, 0.0980392173, 0.117647059, 1]
    BorderShadow: [0, 0, 0, 0]
    FrameBg: [0.200000003, 0.247058824, 0.286274523, 1]
    FrameBgHovered: [0.117647059, 0.200000003, 0.278431386, 1]
    FrameBgActive: [0.0862745121, 0.117647059, 0.137254909, 1]
    TitleBg: [0.0862745121, 0.117647059, 0.137254909, 0.649999976]
    TitleBgActive: [0.0784313753, 0.0980392173, 0.117647059, 1]
    TitleBgCollapsed: [0, 0, 0, 0.50999999]
    MenuBarBg: [0.149019614, 0.176470593, 0.219607845, 1]
    ScrollbarBg: [0.0196078438, 0.0196078438, 0.0196078438, 0.389999986]
    ScrollbarGrab: [0.200000003, 0.247058824, 0.286274523, 1]
    ScrollbarGrabHovered: [0.176470593, 0.219607845, 0.247058824, 1]
    ScrollbarGrabActive: [0.0862745121, 0.20784314, 0.309803933, 1]
    CheckMark: [0.278431386, 0.556862772, 1, 1]
    SliderGrab: [0.278431386, 0.556862772, 1, 1]
    SliderGrabActive: [0.368627459, 0.607843161, 1, 1]
    Button: [0.200000003, 0.247058824, 0.286274523, 1]
    ButtonHovered: [0.278431386, 0.556862772, 1, 1]
    ButtonActive: [0.0588235296, 0.529411793, 0.97647059, 1]
    Header: [0.200000003, 0.247058824, 0.286274523, 0.550000012]
    HeaderHovered: [0.258823544, 0.588235319, 0.97647059, 0.800000012]
    HeaderActive: [0.258823544, 0.588235319, 0.97647059, 1]
    Separator: [0.200000003, 0.247058824, 0.286274523, 1]
    SeparatorHovered: [0.0980392173, 0.400000006, 0.749019623, 0.779999971]
    SeparatorActive: [0.0980392173, 0.400000006, 0.749019623, 1]
    ResizeGrip: [0.258823544, 0.588235319, 0.97647059, 0.25]
    ResizeGripHovered: [0.258823544, 0.588235319, 0.97647059, 0.670000017]
    ResizeGripActive: [0.258823544, 0.588235319, 0.97647059, 0.949999988]
    Tab: [0.109803922, 0.149019614, 0.168627456, 1]
    TabHovered: [0.258823544, 0.588235319, 0.97647059, 0.800000012]
    TabActive: [0.200000003, 0.247058824, 0.286274523, 1]
    TabUnfocused: [0.109803922, 0.149019614, 0.168627456, 1]
    TabUnfocusedActive: [0.109803922, 0.149019614, 0.168627456, 1]
    PlotLines: [0.607843161, 0.607843161, 0.607843161, 1]
    PlotLinesHovered: [1, 0.427450985, 0.349019617, 1]
    PlotHistogram: [0.898039222, 0.698039234, 0, 1]
    PlotHistogramHovered: [1, 0.600000024, 0, 1]
    TableHeaderBg: [0.188235298, 0.188235298, 0.200000003, 1]
    TableBorderStrong: [0.309803933, 0.309803933, 0.349019617, 1]
    TableBorderLight: [0.227450982, 0.227450982, 0.247058824, 1]
    TableRowBg: [0, 0, 0, 0]
    TableRowBgAlt: [1, 1, 1, 0.0599999987]
    TextSelectedBg: [0.258823544, 0.588235319, 0.97647059, 0.349999994]
    DragDropTarget: [1, 1, 0, 0.899999976]
    NavHighlight: [0.258823544, 0.588235319, 0.97647059, 1]
    NavWindowingHighlight: [1, 1, 1, 0.699999988]
    NavWindowingDimBg: [0.800000012, 0.800000012, 0.800000012, 0.200000003]
    ModalWindowDimBg: [0.800000012, 0.800000012, 0.800000012, 0.349999994]