Theme:
  Style:
    Alpha: 1
    DisabledAlpha: 0.600000024
    WindowPadding: [8, 8]
    WindowRounding: 7
    WindowBorderSize: 1
    WindowMinSize: [32, 32]
    WindowTitleAlign: [0, 0.5]
    WindowMenuButtonPosition: Left
    ChildRounding: 4
    ChildBorderSize: 1
    PopupRounding: 4
    PopupBorderSize: 1
    FramePadding: [5, 2]
    FrameRounding: 3
    FrameBorderSize: 1
    ItemSpacing: [6, 6]
    ItemInnerSpacing: [6, 6]
    CellPadding: [6, 6]
    IndentSpacing: 25
    ColumnsMinSpacing: 6
    ScrollbarSize: 15
    ScrollbarRounding: 9
    GrabMinSize: 10
    GrabRounding: 3
    TabRounding: 4
    TabBorderSize: 1
    TabMinWidthForCloseButton: 0
    ColorButtonPosition: Right
    ButtonTextAlign: [0.5, 0.5]
    SelectableTextAlign: [0, 0]
  Colors:
    Text: [1, 1, 1, 1]
    TextDisabled: [0.498039216, 0.498039216, 0.498039216, 1]
    WindowBg: [0.0980392173, 0.0980392173, 0.0980392173, 1]
    ChildBg: [0, 0, 0, 0]
    PopupBg: [0.188235298, 0.188235298, 0.188235298, 0.920000017]
    Border: [0.188235298, 0.188235298, 0.188235298, 0.289999992]
    BorderShadow: [0, 0, 0, 0.239999995]
    FrameBg: [0.0470588244, 0.0470588244, 0.0470588244, 0.540000021]
    FrameBgHovered: [0.188235298, 0.188235298, 0.188235298, 0.540000021]
    FrameBgActive: [0.200000003, 0.219607845, 0.227450982, 1]
    TitleBg: [0, 0, 0, 1]
    TitleBgActive: [0.0588235296, 0.0588235296, 0.0588235296, 1]
    TitleBgCollapsed: [0, 0, 0, 1]
    MenuBarBg: [0.137254909, 0.137254909, 0.137254909, 1]
    ScrollbarBg: [0.0470588244, 0.0470588244, 0.0470588244, 0.540000021]
    ScrollbarGrab: [0.337254912, 0.337254912, 0.337254912, 0.540000021]
    ScrollbarGrabHovered: [0.400000006, 0.400000006, 0.400000006, 0.540000021]
    ScrollbarGrabActive: [0.556862772, 0.556862772, 0.556862772, 0.540000021]
    CheckMark: [0.329411775, 0.666666687, 0.858823538, 1]
    SliderGrab: [0.337254912, 0.337254912, 0.337254912, 0.540000021]
    SliderGrabActive: [0.556862772, 0.556862772, 0.556862772, 0.540000021]
    Button: [0.0470588244, 0.0470588244, 0.0470588244, 0.540000021]
    ButtonHovered: [0.188235298, 0.188235298, 0.188235298, 0.540000021]
    ButtonActive: [0.200000003, 0.219607845, 0.227450982, 1]
    Header: [0, 0, 0, 0.519999981]
    HeaderHovered: [0, 0, 0, 0.360000014]
    HeaderActive: [0.200000003, 0.219607845, 0.227450982, 0.330000013]
    Separator: [0.278431386, 0.278431386, 0.278431386, 0.289999992]
    SeparatorHovered: [0.43921569, 0.43921569, 0.43921569, 0.289999992]
    SeparatorActive: [0.400000006, 0.43921569, 0.466666669, 1]
    ResizeGrip: [0.278431386, 0.278431386, 0.278431386, 0.289999992]
    ResizeGripHovered: [0.43921569, 0.43921569, 0.43921569, 0.289999992]
    ResizeGripActive: [0.400000006, 0.43921569, 0.466666669, 1]
    Tab: [0, 0, 0, 0.519999981]
    TabHovered: [0.137254909, 0.137254909, 0.137254909, 1]
    TabActive: [0.200000003, 0.200000003, 0.200000003, 0.360000014]
    TabUnfocused: [0, 0, 0, 0.519999981]
    TabUnfocusedActive: [0.137254909, 0.137254909, 0.137254909, 1]
    PlotLines: [1, 0, 0, 1]
    PlotLinesHovered: [1, 0, 0, 1]
    PlotHistogram: [1, 0, 0, 1]
    PlotHistogramHovered: [1, 0, 0, 1]
    TableHeaderBg: [0, 0, 0, 0.519999981]
    TableBorderStrong: [0, 0, 0, 0.519999981]
    TableBorderLight: [0.278431386, 0.278431386, 0.278431386, 0.289999992]
    TableRowBg: [0, 0, 0, 0]
    TableRowBgAlt: [1, 1, 1, 0.0599999987]
    TextSelectedBg: [0.200000003, 0.219607845, 0.227450982, 1]
    DragDropTarget: [0.329411775, 0.666666687, 0.858823538, 1]
    NavHighlight: [1, 0, 0, 1]
    NavWindowingHighlight: [1, 0, 0, 0.699999988]
    NavWindowingDimBg: [1, 0, 0, 0.200000003]
    ModalWindowDimBg: [1, 0, 0, 0.349999994]