Theme:
  Style:
    Alpha: 1
    DisabledAlpha: 0.600000024
    WindowPadding: [8, 8]
    WindowRounding: 0
    WindowBorderSize: 1
    WindowMinSize: [32, 32]
    WindowTitleAlign: [0, 0.5]
    WindowMenuButtonPosition: Left
    ChildRounding: 0
    ChildBorderSize: 1
    PopupRounding: 0
    PopupBorderSize: 1
    FramePadding: [4, 3]
    FrameRounding: 0
    FrameBorderSize: 0
    ItemSpacing: [8, 4]
    ItemInnerSpacing: [4, 4]
    CellPadding: [4, 2]
    IndentSpacing: 21
    ColumnsMinSpacing: 6
    ScrollbarSize: 14
    ScrollbarRounding: 0
    GrabMinSize: 10
    GrabRounding: 0
    TabRounding: 0
    TabBorderSize: 0
    TabMinWidthForCloseButton: 0
    ColorButtonPosition: Right
    ButtonTextAlign: [0.5, 0.5]
    SelectableTextAlign: [0, 0]
  Colors:
    Text: [1, 1, 1, 1]
    TextDisabled: [0.498039216, 0.498039216, 0.498039216, 1]
    WindowBg: [0.211764708, 0.223529413, 0.247058824, 1]
    ChildBg: [0.184313729, 0.192156866, 0.211764708, 1]
    PopupBg: [0.0784313753, 0.0784313753, 0.0784313753, 0.939999998]
    Border: [0.427450985, 0.427450985, 0.498039216, 0.5]
    BorderShadow: [0, 0, 0, 0]
    FrameBg: [0.309803933, 0.329411775, 0.360784322, 1]
    FrameBgHovered: [0.309803933, 0.329411775, 0.360784322, 1]
    FrameBgActive: [0.345098048, 0.396078438, 0.949019611, 1]
    TitleBg: [0.184313729, 0.192156866, 0.211764708, 1]
    TitleBgActive: [0.125490203, 0.13333334, 0.145098045, 1]
    TitleBgCollapsed: [0.125490203, 0.13333334, 0.145098045, 1]
    MenuBarBg: [0.125490203, 0.13333334, 0.145098045, 1]
    ScrollbarBg: [0.0196078438, 0.0196078438, 0.0196078438, 0.529999971]
    ScrollbarGrab: [0.309803933, 0.309803933, 0.309803933, 1]
    ScrollbarGrabHovered: [0.407843143, 0.407843143, 0.407843143, 1]
    ScrollbarGrabActive: [0.509803951, 0.509803951, 0.509803951, 1]
    CheckMark: [0.23137255, 0.647058845, 0.36470589, 1]
    SliderGrab: [1, 1, 1, 1]
    SliderGrabActive: [1, 1, 1, 1]
    Button: [0.309803933, 0.329411775, 0.360784322, 1]
    ButtonHovered: [0.407843143, 0.427450985, 0.450980395, 1]
    ButtonActive: [0.125490203, 0.13333334, 0.145098045, 1]
    Header: [0.309803933, 0.329411775, 0.360784322, 1]
    HeaderHovered: [0.407843143, 0.427450985, 0.450980395, 1]
    HeaderActive: [0.407843143, 0.427450985, 0.450980395, 1]
    Separator: [0.427450985, 0.427450985, 0.498039216, 0.5]
    SeparatorHovered: [0.0980392173, 0.400000006, 0.749019623, 0.779999971]
    SeparatorActive: [0.0980392173, 0.400000006, 0.749019623, 1]
    ResizeGrip: [0.258823544, 0.588235319, 0.97647059, 0.200000003]
    ResizeGripHovered: [0.258823544, 0.588235319, 0.97647059, 0.670000017]
    ResizeGripActive: [0.258823544, 0.588235319, 0.97647059, 0.949999988]
    Tab: [0.184313729, 0.192156866, 0.211764708, 1]
    TabHovered: [0.235294119, 0.247058824, 0.270588249, 1]
    TabActive: [0.258823544, 0.274509817, 0.301960796, 1]
    TabUnfocused: [0.0666666701, 0.101960786, 0.145098045, 0.97240001]
    TabUnfocusedActive: [0.13333334, 0.258823544, 0.423529416, 1]
    PlotLines: [0.607843161, 0.607843161, 0.607843161, 1]
    PlotLinesHovered: [0.345098048, 0.396078438, 0.949019611, 1]
    PlotHistogram: [0.345098048, 0.396078438, 0.949019611, 1]
    PlotHistogramHovered: [0.360784322, 0.400000006, 0.427450985, 1]
    TableHeaderBg: [0.188235298, 0.188235298, 0.200000003, 1]
    TableBorderStrong: [0.309803933, 0.309803933, 0.349019617, 1]
    TableBorderLight: [0.227450982, 0.227450982, 0.247058824, 1]
    TableRowBg: [0, 0, 0, 0]
    TableRowBgAlt: [1, 1, 1, 0.0599999987]
    TextSelectedBg: [0.0509803928, 0.419607848, 0.858823538, 1]
    DragDropTarget: [0.345098048, 0.396078438, 0.949019611, 1]
    NavHighlight: [0.258823544, 0.588235319, 0.97647059, 1]
    NavWindowingHighlight: [1, 1, 1, 0.699999988]
    NavWindowingDimBg: [0.800000012, 0.800000012, 0.800000012, 0.200000003]
    ModalWindowDimBg: [0.800000012, 0.800000012, 0.800000012, 0.349999994]