Theme:
  Style:
    WindowPadding: [8, 8]
    WindowRounding: 0
    WindowBorderSize: 0
    WindowMinSize: [32, 32]
    WindowTitleAlign: [0, 0.5]
    WindowMenuButtonPosition: None
    ColorButtonPosition: Right
    TabRounding: 4
    TabBorderSize: 0
    TabMinWidthForCloseButton: 0
    ButtonTextAlign: [0.5, 0.5]
    SelectableTextAlign: [0, 0]
  Colors:
    Text: [1, 1, 1, 1]
    TextDisabled: [0.729411781, 0.749019623, 0.737254918, 1]
    WindowBg: [0.0862745121, 0.0862745121, 0.0862745121, 0.939999998]
    ChildBg: [0, 0, 0, 0]
    PopupBg: [0.0784313753, 0.0784313753, 0.0784313753, 0.939999998]
    Border: [0.200000003, 0.200000003, 0.200000003, 0.5]
    BorderShadow: [0, 0, 0, 0]
    FrameBg: [0.709803939, 0.388235301, 0.388235301, 0.540000021]
    FrameBgHovered: [0.839215696, 0.65882355, 0.65882355, 0.400000006]
    FrameBgActive: [0.839215696, 0.65882355, 0.65882355, 0.670000017]
    TitleBg: [0.466666669, 0.219607845, 0.219607845, 0.670000017]
    TitleBgActive: [0.466666669, 0.219607845, 0.219607845, 1]
    TitleBgCollapsed: [0.466666669, 0.219607845, 0.219607845, 0.670000017]
    MenuBarBg: [0.337254912, 0.156862751, 0.156862751, 1]
    ScrollbarBg: [0.0196078438, 0.0196078438, 0.0196078438, 0.529999971]
    ScrollbarGrab: [0.309803933, 0.309803933, 0.309803933, 1]
    ScrollbarGrabHovered: [0.407843143, 0.407843143, 0.407843143, 1]
    ScrollbarGrabActive: [0.509803951, 0.509803951, 0.509803951, 1]
    CheckMark: [1, 1, 1, 1]
    SliderGrab: [0.709803939, 0.388235301, 0.388235301, 1]
    SliderGrabActive: [0.839215696, 0.65882355, 0.65882355, 1]
    Button: [0.466666669, 0.219607845, 0.219607845, 0.649999976]
    ButtonHovered: [0.709803939, 0.388235301, 0.388235301, 0.649999976]
    ButtonActive: [0.200000003, 0.200000003, 0.200000003, 0.5]
    Header: [0.709803939, 0.388235301, 0.388235301, 0.540000021]
    HeaderHovered: [0.839215696, 0.65882355, 0.65882355, 0.649999976]
    HeaderActive: [0.839215696, 0.65882355, 0.65882355, 0]
    Separator: [0.427450985, 0.427450985, 0.498039216, 0.5]
    SeparatorHovered: [0.709803939, 0.388235301, 0.388235301, 0.540000021]
    SeparatorActive: [0.709803939, 0.388235301, 0.388235301, 0.540000021]
    ResizeGrip: [0.709803939, 0.388235301, 0.388235301, 0.540000021]
    ResizeGripHovered: [0.839215696, 0.65882355, 0.65882355, 0.660000026]
    ResizeGripActive: [0.839215696, 0.65882355, 0.65882355, 0.660000026]
    Tab: [0.709803939, 0.388235301, 0.388235301, 0.540000021]
    TabHovered: [0.839215696, 0.65882355, 0.65882355, 0.660000026]
    TabActive: [0.839215696, 0.65882355, 0.65882355, 0.660000026]
    TabUnfocused: [0.0666666701, 0.0980392173, 0.149019614, 0.970000029]
    TabUnfocusedActive: [0.137254909, 0.258823544, 0.419607848, 1]
    PlotLines: [0.607843161, 0.607843161, 0.607843161, 1]
    PlotLinesHovered: [1, 0.427450985, 0.349019617, 1]
    PlotHistogram: [0.898039222, 0.698039234, 0, 1]
    PlotHistogramHovered: [1, 0.600000024, 0, 1]
    TableHeaderBg: [0.188235298, 0.188235298, 0.200000003, 1]
    TableBorderStrong: [0.309803933, 0.309803933, 0.349019617, 1]
    TableBorderLight: [0.227450982, 0.227450982, 0.247058824, 1]
    TableRowBg: [0, 0, 0, 0]
    TableRowBgAlt: [1, 1, 1, 0.0599999987]
    TextSelectedBg: [0.258823544, 0.588235319, 0.97647059, 0.349999994]
    DragDropTarget: [1, 1, 0, 0.899999976]
    NavHighlight: [0.407843143, 0.407843143, 0.407843143, 1]
    NavWindowingHighlight: [1, 1, 1, 0.699999988]
    NavWindowingDimBg: [0.800000012, 0.800000012, 0.800000012, 0.200000003]
    ModalWindowDimBg: [0.800000012, 0.800000012, 0.800000012, 0.349999994]