Theme:
  Style:
    WindowPadding: [8, 8]
    WindowRounding: 0
    WindowBorderSize: 1
    WindowMinSize: [32, 32]
    WindowTitleAlign: [0, 0.5]
    WindowMenuButtonPosition: None
    ColorButtonPosition: Right
    TabRounding: 4
    TabBorderSize: 0
    TabMinWidthForCloseButton: 0
    ButtonTextAlign: [0.5, 0.5]
    SelectableTextAlign: [0, 0]
  Colors:
    Text: [1, 1, 1, 1]
    TextDisabled: [0.498039216, 0.498039216, 0.498039216, 1]
    WindowBg: [0.0588235296, 0.0588235296, 0.0588235296, 0.939999998]
    ChildBg: [1, 1, 1, 0]
    PopupBg: [0.0784313753, 0.0784313753, 0.0784313753, 0.939999998]
    Border: [0.427450985, 0.427450985, 0.498039216, 0.5]
    BorderShadow: [0, 0, 0, 0]
    FrameBg: [0.200000003, 0.20784314, 0.219607845, 0.540000021]
    FrameBgHovered: [0.400000006, 0.400000006, 0.400000006, 0.400000006]
    FrameBgActive: [0.176470593, 0.176470593, 0.176470593, 0.670000017]
    TitleBg: [0.0392156877, 0.0392156877, 0.0392156877, 1]
    TitleBgActive: [0.286274523, 0.286274523, 0.286274523, 1]
    TitleBgCollapsed: [0, 0, 0, 0.50999999]
    MenuBarBg: [0.137254909, 0.137254909, 0.137254909, 1]
    ScrollbarBg: [0.0196078438, 0.0196078438, 0.0196078438, 0.529999971]
    ScrollbarGrab: [0.309803933, 0.309803933, 0.309803933, 1]
    ScrollbarGrabHovered: [0.407843143, 0.407843143, 0.407843143, 1]
    ScrollbarGrabActive: [0.509803951, 0.509803951, 0.509803951, 1]
    CheckMark: [0.937254906, 0.937254906, 0.937254906, 1]
    SliderGrab: [0.509803951, 0.509803951, 0.509803951, 1]
    SliderGrabActive: [0.858823538, 0.858823538, 0.858823538, 1]
    Button: [0.43921569, 0.43921569, 0.43921569, 0.400000006]
    ButtonHovered: [0.458823532, 0.466666669, 0.478431374, 1]
    ButtonActive: [0.419607848, 0.419607848, 0.419607848, 1]
    Header: [0.698039234, 0.698039234, 0.698039234, 0.310000002]
    HeaderHovered: [0.698039234, 0.698039234, 0.698039234, 0.800000012]
    HeaderActive: [0.478431374, 0.498039216, 0.517647088, 1]
    Separator: [0.427450985, 0.427450985, 0.498039216, 0.5]
    SeparatorHovered: [0.717647076, 0.717647076, 0.717647076, 0.779999971]
    SeparatorActive: [0.509803951, 0.509803951, 0.509803951, 1]
    ResizeGrip: [0.909803927, 0.909803927, 0.909803927, 0.25]
    ResizeGripHovered: [0.807843149, 0.807843149, 0.807843149, 0.670000017]
    ResizeGripActive: [0.458823532, 0.458823532, 0.458823532, 0.949999988]
    Tab: [0.176470593, 0.349019617, 0.576470613, 0.861999989]
    TabHovered: [0.258823544, 0.588235319, 0.97647059, 0.800000012]
    TabActive: [0.196078435, 0.407843143, 0.678431392, 1]
    TabUnfocused: [0.0666666701, 0.101960786, 0.145098045, 0.97240001]
    TabUnfocusedActive: [0.13333334, 0.258823544, 0.423529416, 1]
    PlotLines: [0.607843161, 0.607843161, 0.607843161, 1]
    PlotLinesHovered: [1, 0.427450985, 0.349019617, 1]
    PlotHistogram: [0.729411781, 0.600000024, 0.149019614, 1]
    PlotHistogramHovered: [1, 0.600000024, 0, 1]
    TableHeaderBg: [0.188235298, 0.188235298, 0.200000003, 1]
    TableBorderStrong: [0.309803933, 0.309803933, 0.349019617, 1]
    TableBorderLight: [0.227450982, 0.227450982, 0.247058824, 1]
    TableRowBg: [0, 0, 0, 0]
    TableRowBgAlt: [1, 1, 1, 0.0599999987]
    TextSelectedBg: [0.866666675, 0.866666675, 0.866666675, 0.349999994]
    DragDropTarget: [1, 1, 0, 0.899999976]
    NavHighlight: [0.600000024, 0.600000024, 0.600000024, 1]
    NavWindowingHighlight: [1, 1, 1, 0.699999988]
    NavWindowingDimBg: [0.800000012, 0.800000012, 0.800000012, 0.200000003]
    ModalWindowDimBg: [0.800000012, 0.800000012, 0.800000012, 0.349999994]