Theme:
  Style:
    WindowPadding: [8, 8]
    WindowRounding: 0
    WindowBorderSize: 1
    WindowMinSize: [32, 32]
    WindowTitleAlign: [0, 0.5]
    WindowMenuButtonPosition: None
    ColorButtonPosition: Right
    TabRounding: 0
    TabBorderSize: 0
    TabMinWidthForCloseButton: 0
    ButtonTextAlign: [0.5, 0.5]
    SelectableTextAlign: [0, 0]
  Colors:
    Text: [1, 1, 1, 1]
    TextDisabled: [0.592156887, 0.592156887, 0.592156887, 1]
    WindowBg: [0.145098045, 0.145098045, 0.149019614, 1]
    ChildBg: [0.145098045, 0.145098045, 0.149019614, 1]
    PopupBg: [0.145098045, 0.145098045, 0.149019614, 1]
    Border: [0.305882365, 0.305882365, 0.305882365, 1]
    BorderShadow: [0.305882365, 0.305882365, 0.305882365, 1]
    FrameBg: [0.200000003, 0.200000003, 0.215686277, 1]
    FrameBgHovered: [0.113725491, 0.592156887, 0.925490201, 1]
    FrameBgActive: [0, 0.466666669, 0.784313738, 1]
    TitleBg: [0.145098045, 0.145098045, 0.149019614, 1]
    TitleBgActive: [0.145098045, 0.145098045, 0.149019614, 1]
    TitleBgCollapsed: [0.145098045, 0.145098045, 0.149019614, 1]
    MenuBarBg: [0.200000003, 0.200000003, 0.215686277, 1]
    ScrollbarBg: [0.200000003, 0.200000003, 0.215686277, 1]
    ScrollbarGrab: [0.321568638, 0.321568638, 0.333333343, 1]
    ScrollbarGrabHovered: [0.352941185, 0.352941185, 0.372549027, 1]
    ScrollbarGrabActive: [0.352941185, 0.352941185, 0.372549027, 1]
    CheckMark: [0, 0.466666669, 0.784313738, 1]
    SliderGrab: [0.113725491, 0.592156887, 0.925490201, 1]
    SliderGrabActive: [0, 0.466666669, 0.784313738, 1]
    Button: [0.200000003, 0.200000003, 0.215686277, 1]
    ButtonHovered: [0.113725491, 0.592156887, 0.925490201, 1]
    ButtonActive: [0.113725491, 0.592156887, 0.925490201, 1]
    Header: [0.200000003, 0.200000003, 0.215686277, 1]
    HeaderHovered: [0.113725491, 0.592156887, 0.925490201, 1]
    HeaderActive: [0, 0.466666669, 0.784313738, 1]
    Separator: [0.305882365, 0.305882365, 0.305882365, 1]
    SeparatorHovered: [0.305882365, 0.305882365, 0.305882365, 1]
    SeparatorActive: [0.305882365, 0.305882365, 0.305882365, 1]
    ResizeGrip: [0.145098045, 0.145098045, 0.149019614, 1]
    ResizeGripHovered: [0.200000003, 0.200000003, 0.215686277, 1]
    ResizeGripActive: [0.321568638, 0.321568638, 0.333333343, 1]
    Tab: [0.145098045, 0.145098045, 0.149019614, 1]
    TabHovered: [0.113725491, 0.592156887, 0.925490201, 1]
    TabActive: [0, 0.466666669, 0.784313738, 1]
    TabUnfocused: [0.145098045, 0.145098045, 0.149019614, 1]
    TabUnfocusedActive: [0, 0.466666669, 0.784313738, 1]
    PlotLines: [0, 0.466666669, 0.784313738, 1]
    PlotLinesHovered: [0.113725491, 0.592156887, 0.925490201, 1]
    PlotHistogram: [0, 0.466666669, 0.784313738, 1]
    PlotHistogramHovered: [0.113725491, 0.592156887, 0.925490201, 1]
    TableHeaderBg: [0.188235298, 0.188235298, 0.200000003, 1]
    TableBorderStrong: [0.309803933, 0.309803933, 0.349019617, 1]
    TableBorderLight: [0.227450982, 0.227450982, 0.247058824, 1]
    TableRowBg: [0, 0, 0, 0]
    TableRowBgAlt: [1, 1, 1, 0.0599999987]
    TextSelectedBg: [0, 0.466666669, 0.784313738, 1]
    DragDropTarget: [0.145098045, 0.145098045, 0.149019614, 1]
    NavHighlight: [0.145098045, 0.145098045, 0.149019614, 1]
    NavWindowingHighlight: [1, 1, 1, 0.699999988]
    NavWindowingDimBg: [0.800000012, 0.800000012, 0.800000012, 0.200000003]
    ModalWindowDimBg: [0.145098045, 0.145098045, 0.149019614, 1]